Q_bar at angle1 45.0
[[45.2249508  31.4249508  32.44041111]
 [31.4249508  45.2249508  32.44041111]
 [32.44041111 32.44041111 35.6090094 ]]
Q_bar at angle2 -45.0
[[ 45.2249508   31.4249508  -32.44041111]
 [ 31.4249508   45.2249508  -32.44041111]
 [-32.44041111 -32.44041111  35.6090094 ]]
Q_bar at angle3 0.0
[[138.81478242   2.7159414    0.        ]
 [  2.7159414    9.05313798   0.        ]
 [  0.           0.           6.9       ]]
Q_bar at angle4 0.0
[[138.81478242   2.7159414    0.        ]
 [  2.7159414    9.05313798   0.        ]
 [  0.           0.           6.9       ]]