Q_bar at angle1 0.0
[[181.81113884   2.89692444   0.        ]
 [  2.89692444  10.34615873   0.        ]
 [  0.           0.           7.7       ]]
Q_bar at angle2 30.0
[[109.77674719  32.06507107  53.96349447]
 [ 32.06507107  24.04425713  20.28301985]
 [ 53.96349447  20.28301985  36.86814663]]
Q_bar at angle3 -45.0
[[ 57.18778662  41.78778662 -42.86624503]
 [ 41.78778662  57.18778662 -42.86624503]
 [-42.86624503 -42.86624503  46.59086217]]
Q_bar at angle4 45.0
[[57.18778662 41.78778662 42.86624503]
 [41.78778662 57.18778662 42.86624503]
 [42.86624503 42.86624503 46.59086217]]