Q_bar at angle1 45.0
[[68.4530777  54.4530777  47.67911201]
 [54.4530777  68.4530777  47.67911201]
 [47.67911201 47.67911201 55.09586276]]
Q_bar at angle2 -45.0
[[ 68.4530777   54.4530777  -47.67911201]
 [ 54.4530777   68.4530777  -47.67911201]
 [-47.67911201 -47.67911201  55.09586276]]
Q_bar at angle3 0.0
[[211.90716448   6.35721493   0.        ]
 [  6.35721493  21.19071645   0.        ]
 [  0.           0.           7.        ]]
Q_bar at angle4 0.0
[[211.90716448   6.35721493   0.        ]
 [  6.35721493  21.19071645   0.        ]
 [  0.           0.           7.        ]]