T1 and T2 is at 0.0
[[1. 0. 0.]
 [0. 1. 0.]
 [0. 0. 1.]]
[[1. 0. 0.]
 [0. 1. 0.]
 [0. 0. 1.]]
T1 and T2 is at 90.0
[[ 3.74939946e-33  1.00000000e+00  1.22464680e-16]
 [ 1.00000000e+00  3.74939946e-33 -1.22464680e-16]
 [-6.12323400e-17  6.12323400e-17 -1.00000000e+00]]
[[ 3.74939946e-33  1.00000000e+00  6.12323400e-17]
 [ 1.00000000e+00  3.74939946e-33 -6.12323400e-17]
 [-1.22464680e-16  1.22464680e-16 -1.00000000e+00]]
T1 and T2 is at 0.0
[[1. 0. 0.]
 [0. 1. 0.]
 [0. 0. 1.]]
[[1. 0. 0.]
 [0. 1. 0.]
 [0. 0. 1.]]
T1 and T2 is at 90.0
[[ 3.74939946e-33  1.00000000e+00  1.22464680e-16]
 [ 1.00000000e+00  3.74939946e-33 -1.22464680e-16]
 [-6.12323400e-17  6.12323400e-17 -1.00000000e+00]]
[[ 3.74939946e-33  1.00000000e+00  6.12323400e-17]
 [ 1.00000000e+00  3.74939946e-33 -6.12323400e-17]
 [-1.22464680e-16  1.22464680e-16 -1.00000000e+00]]