A_star
[[ 0.01989132 -0.01582297  0.        ]
 [-0.01582297  0.01989132  0.        ]
 [ 0.          0.          0.00907441]]
B_star
[[-0. -0. -0.]
 [-0. -0. -0.]
 [-0. -0. -0.]]
C_star
[[0. 0. 0.]
 [0. 0. 0.]
 [0. 0. 0.]]
D_star
[[45.64 36.3  23.84]
 [36.3  45.64 23.84]
 [23.84 23.84 36.73]]
A_dash
[[ 0.01989132 -0.01582297  0.        ]
 [-0.01582297  0.01989132  0.        ]
 [ 0.          0.          0.00907441]]
B_dash
[[0. 0. 0.]
 [0. 0. 0.]
 [0. 0. 0.]]
C_dash[[-0. -0. -0.]
 [-0. -0. -0.]
 [-0. -0. -0.]]
D_dash[[ 0.0633385  -0.04372788 -0.01272848]
 [-0.04372788  0.0633385  -0.01272848]
 [-0.01272848 -0.01272848  0.04374882]]